 #Kpoint 
    0.000000000000000         0.000000000000000         0.000000000000000     
 #Kpoint 
    0.000000000000000         0.000000000000000         0.000000000000000     
 #Kpoint 
    0.000000000000000         0.000000000000000         0.000000000000000     
 #Kpoint 
    0.000000000000000         0.000000000000000         0.000000000000000     
 #Kpoint 
    0.000000000000000         0.000000000000000         0.000000000000000     
 #Kpoint 
    0.000000000000000         0.000000000000000         0.000000000000000     
 #Kpoint 
    0.000000000000000         0.000000000000000         0.000000000000000     
 #Kpoint 
    0.000000000000000         0.000000000000000         0.000000000000000     
 #Kpoint 
    0.000000000000000         0.000000000000000         0.000000000000000     
 #Kpoint 
    0.000000000000000         0.000000000000000         0.000000000000000     
 #Kpoint 
    0.000000000000000         0.000000000000000         0.000000000000000     
            1  -0.9006943053605956     
            1            1  (-0.2386442936468309,0.000000000000000)
            1            2  (1.0727457697697208E-004,0.000000000000000)
            1            3  (-5.3687917225573972E-005,0.000000000000000)
            1            4  (-6.2464018624741539E-002,0.000000000000000)
            2            1  (-0.2379836136319460,0.000000000000000)
            2            2  (5.4071749285584232E-002,0.000000000000000)
            2            3  (-7.6724064847220536E-005,0.000000000000000)
            2            4  (-3.0894479987198218E-002,0.000000000000000)
            3            1  (-0.2379504043224893,0.000000000000000)
            3            2  (5.4090109583452256E-002,0.000000000000000)
            3            3  (-6.7075694682858225E-005,0.000000000000000)
            3            4  (3.0899955754413781E-002,0.000000000000000)
            4            1  (-0.2385772558346038,0.000000000000000)
            4            2  (7.8276063644565523E-005,0.000000000000000)
            4            3  (-6.5696986934547463E-005,0.000000000000000)
            4            4  (6.2478671974521262E-002,0.000000000000000)
            5            1  (-0.2381311634158529,0.000000000000000)
            5            2  (-5.4261819406015641E-002,0.000000000000000)
            5            3  (-6.8116095002111521E-005,0.000000000000000)
            5            4  (3.1023685175725606E-002,0.000000000000000)
            6            1  (-0.2382059149604112,0.000000000000000)
            6            2  (-5.4210329778418269E-002,0.000000000000000)
            6            3  (-5.1335006812659746E-005,0.000000000000000)
            6            4  (-3.1049480827641300E-002,0.000000000000000)
            7            1  (-1.9487665018105806E-002,0.000000000000000)
            8            1  (-1.9381032634694886E-002,0.000000000000000)
            9            1  (-1.9378753847394372E-002,0.000000000000000)
           10            1  (-1.9463150816593194E-002,0.000000000000000)
           11            1  (-1.9460982868267210E-002,0.000000000000000)
           12            1  (-1.9501438216928822E-002,0.000000000000000)
            2  -0.7994244925399824     
            1            1  (-0.3839740121183972,0.000000000000000)
            1            2  (1.0334933225059674E-003,0.000000000000000)
            1            3  (-1.2814777546415787E-004,0.000000000000000)
            1            4  (-6.9764034806799213E-002,0.000000000000000)
            2            1  (-0.1894928814696906,0.000000000000000)
            2            2  (9.0974530977989326E-002,0.000000000000000)
            2            3  (-7.9596161045755658E-005,0.000000000000000)
            2            4  (8.8379529033494567E-002,0.000000000000000)
            3            1  (0.1937929467771354,0.000000000000000)
            3            2  (-9.1213570530084068E-002,0.000000000000000)
            3            3  (7.2579487171611358E-005,0.000000000000000)
            3            4  (8.7332236065616797E-002,0.000000000000000)
            4            1  (0.3839253514466361,0.000000000000000)
            4            2  (7.8720580173777960E-004,0.000000000000000)
            4            3  (1.4694077416778942E-004,0.000000000000000)
            4            4  (-6.9764179689164471E-002,0.000000000000000)
            5            1  (0.1896395797388828,0.000000000000000)
            5            2  (9.1029512315190006E-002,0.000000000000000)
            5            3  (5.3174062700056616E-005,0.000000000000000)
            5            4  (8.8482597376839944E-002,0.000000000000000)
            6            1  (-0.1937765072134857,0.000000000000000)
            6            2  (-9.1281072421044079E-002,0.000000000000000)
            6            3  (-5.3214582729202249E-005,0.000000000000000)
            6            4  (8.7163690474879776E-002,0.000000000000000)
            7            1  (-4.3970388370311579E-002,0.000000000000000)
            8            1  (-2.1638589594678667E-002,0.000000000000000)
            9            1  (2.2133814139261184E-002,0.000000000000000)
           10            1  (2.1680386253213883E-002,0.000000000000000)
           11            1  (-2.2164572173190324E-002,0.000000000000000)
           12            1  (4.3968117986649610E-002,0.000000000000000)
            3  -0.7987672586656663     
            1            1  (2.6487847003304160E-003,0.000000000000000)
            1            2  (0.1403563319993998,0.000000000000000)
            1            3  (5.0330823102226669E-006,0.000000000000000)
            1            4  (5.1759643895232170E-004,0.000000000000000)
            2            1  (0.3340238519366279,0.000000000000000)
            2            2  (-1.7667362419887526E-002,0.000000000000000)
            2            3  (1.4135123046171236E-004,0.000000000000000)
            2            4  (9.0246683482308757E-002,0.000000000000000)
            3            1  (0.3314695068790725,0.000000000000000)
            3            2  (-1.6549592589604003E-002,0.000000000000000)
            3            3  (1.3229643151955873E-004,0.000000000000000)
            3            4  (-9.1394723170335951E-002,0.000000000000000)
            4            1  (-2.2255840391789115E-003,0.000000000000000)
            4            2  (0.1403854548943671,0.000000000000000)
            4            3  (1.1635546994217664E-005,0.000000000000000)
            4            4  (4.0425916696623600E-004,0.000000000000000)
            5            1  (-0.3337222592482620,0.000000000000000)
            5            2  (-1.7949809209198128E-002,0.000000000000000)
            5            3  (-1.3931813240156382E-004,0.000000000000000)
            5            4  (9.0338096085261818E-002,0.000000000000000)
            6            1  (-0.3314345163825668,0.000000000000000)
            6            2  (-1.6615545923232288E-002,0.000000000000000)
            6            3  (-1.1119979155084454E-004,0.000000000000000)
            6            4  (-9.1457654224532822E-002,0.000000000000000)
            7            1  (2.8277066336220464E-004,0.000000000000000)
            8            1  (3.8301191557538576E-002,0.000000000000000)
            9            1  (3.8015481670675810E-002,0.000000000000000)
           10            1  (-3.8255440423849069E-002,0.000000000000000)
           11            1  (-3.8001609872540150E-002,0.000000000000000)
           12            1  (-2.7187670215031884E-004,0.000000000000000)
            4  -0.6580860608740775     
            1            1  (-0.3367944627781707,0.000000000000000)
            1            2  (-5.2795836060940465E-003,0.000000000000000)
            1            3  (-1.5741480568672413E-004,0.000000000000000)
            1            4  (4.9786879585416076E-002,0.000000000000000)
            2            1  (0.1627731268588602,0.000000000000000)
            2            2  (0.1425725406364515,0.000000000000000)
            2            3  (9.7766643510170185E-005,0.000000000000000)
            2            4  (0.1995883744811275,0.000000000000000)
            3            1  (0.1737810817636709,0.000000000000000)
            3            2  (0.1410283713828985,0.000000000000000)
            3            3  (1.0325026012116148E-004,0.000000000000000)
            3            4  (-0.1942897158223070,0.000000000000000)
            4            1  (-0.3364236168429628,0.000000000000000)
            4            2  (5.4316177527429935E-003,0.000000000000000)
            4            3  (-1.7122689592793326E-004,0.000000000000000)
            4            4  (-4.9867292683329401E-002,0.000000000000000)
            5            1  (0.1625435333898126,0.000000000000000)
            5            2  (-0.1417091183249282,0.000000000000000)
            5            3  (1.2609113850383221E-004,0.000000000000000)
            5            4  (-0.1999268064834647,0.000000000000000)
            6            1  (0.1741581318484300,0.000000000000000)
            6            2  (-0.1409683120669119,0.000000000000000)
            6            3  (1.0724262797534290E-004,0.000000000000000)
            6            4  (0.1941910087197888,0.000000000000000)
            7            1  (-8.5370847013064591E-002,0.000000000000000)
            8            1  (4.1082492165294408E-002,0.000000000000000)
            9            1  (4.3819761649939781E-002,0.000000000000000)
           10            1  (4.0961571932112049E-002,0.000000000000000)
           11            1  (4.4003502382116214E-002,0.000000000000000)
           12            1  (-8.5268927728265304E-002,0.000000000000000)
            5  -0.6578737790434085     
            1            1  (-6.4155643925621888E-003,0.000000000000000)
            1            2  (0.2787210538488632,0.000000000000000)
            1            3  (1.7249129810078580E-005,0.000000000000000)
            1            4  (9.5961910383575595E-004,0.000000000000000)
            2            1  (0.2947234420482683,0.000000000000000)
            2            2  (-3.0075962685681065E-002,0.000000000000000)
            2            3  (1.5975189336906917E-004,0.000000000000000)
            2            4  (-0.1382464893815210,0.000000000000000)
            3            1  (-0.2883276928900072,0.000000000000000)
            3            2  (3.5678104460629953E-002,0.000000000000000)
            3            3  (-1.4860762836397059E-004,0.000000000000000)
            3            4  (-0.1463405033820057,0.000000000000000)
            4            1  (-6.6544782241528284E-003,0.000000000000000)
            4            2  (-0.2790166368652447,0.000000000000000)
            4            3  (-3.5710715034642338E-005,0.000000000000000)
            4            4  (-1.0645241961791093E-003,0.000000000000000)
            5            1  (0.2948152420336153,0.000000000000000)
            5            2  (3.0375430895515101E-002,0.000000000000000)
            5            3  (1.4419067448054440E-004,0.000000000000000)
            5            4  (0.1387341606130804,0.000000000000000)
            6            1  (-0.2881371353938857,0.000000000000000)
            6            2  (-3.5703939815273845E-002,0.000000000000000)
            6            3  (-1.2667527728033344E-004,0.000000000000000)
            6            4  (0.1458173749110191,0.000000000000000)
            7            1  (-1.6437450965031918E-003,0.000000000000000)
            8            1  (7.4353565941027447E-002,0.000000000000000)
            9            1  (-7.2773381645338392E-002,0.000000000000000)
           10            1  (7.4354019735233506E-002,0.000000000000000)
           11            1  (-7.2651659095590987E-002,0.000000000000000)
           12            1  (-1.6714633150962763E-003,0.000000000000000)
            6  -0.5744089103180238     
            1            1  (0.1076635642544096,0.000000000000000)
            1            2  (-3.2888476189587764E-006,0.000000000000000)
            1            3  (-4.2977494000379427E-005,0.000000000000000)
            1            4  (-0.2538092508527749,0.000000000000000)
            2            1  (0.1081553887576691,0.000000000000000)
            2            2  (0.2204875295373935,0.000000000000000)
            2            3  (-3.9457422908071788E-005,0.000000000000000)
            2            4  (-0.1256382278885795,0.000000000000000)
            3            1  (0.1078378835125971,0.000000000000000)
            3            2  (0.2203450066571593,0.000000000000000)
            3            3  (-4.0661365378594496E-005,0.000000000000000)
            3            4  (0.1258003316944108,0.000000000000000)
            4            1  (0.1075294960050175,0.000000000000000)
            4            2  (-1.0184190770453465E-004,0.000000000000000)
            4            3  (-4.4410889086955191E-005,0.000000000000000)
            4            4  (0.2542717635271619,0.000000000000000)
            5            1  (0.1080697354512428,0.000000000000000)
            5            2  (-0.2198084500384538,0.000000000000000)
            5            3  (8.3884865136725390E-006,0.000000000000000)
            5            4  (0.1259512790087114,0.000000000000000)
            6            1  (0.1083708426426933,0.000000000000000)
            6            2  (-0.2200732337317927,0.000000000000000)
            6            3  (-5.7328395358511245E-006,0.000000000000000)
            6            4  (-0.1257811060317092,0.000000000000000)
            7            1  (9.9593804573674075E-002,0.000000000000000)
            8            1  (9.9197545916349897E-002,0.000000000000000)
            9            1  (9.9062484710036244E-002,0.000000000000000)
           10            1  (9.9185978817054835E-002,0.000000000000000)
           11            1  (9.9367320138438603E-002,0.000000000000000)
           12            1  (9.9645877473356001E-002,0.000000000000000)
            7  -0.5429530531793630     
            1            1  (-3.0250275494791995E-004,0.000000000000000)
            1            2  (0.3577564817844770,0.000000000000000)
            1            3  (4.2099518863217350E-005,0.000000000000000)
            1            4  (3.8826930966671311E-005,0.000000000000000)
            2            1  (6.9271937835101085E-004,0.000000000000000)
            2            2  (-0.1786391354623720,0.000000000000000)
            2            3  (-1.5607964956136363E-005,0.000000000000000)
            2            4  (-0.3100439425076156,0.000000000000000)
            3            1  (-1.6148835346751103E-004,0.000000000000000)
            3            2  (-0.1785144316596456,0.000000000000000)
            3            3  (-1.6920412273594015E-005,0.000000000000000)
            3            4  (0.3098559980158787,0.000000000000000)
            4            1  (1.8630964767004762E-004,0.000000000000000)
            4            2  (0.3567559059220922,0.000000000000000)
            4            3  (6.0150530694166697E-005,0.000000000000000)
            4            4  (3.5919460969887707E-004,0.000000000000000)
            5            1  (-2.7728821249150545E-004,0.000000000000000)
            5            2  (-0.1780000480753637,0.000000000000000)
            5            3  (8.3918458186802157E-005,0.000000000000000)
            5            4  (-0.3100367021200386,0.000000000000000)
            6            1  (-1.4375678636109100E-004,0.000000000000000)
            6            2  (-0.1790750460135930,0.000000000000000)
            6            3  (6.7137000979358417E-005,0.000000000000000)
            6            4  (0.3097338689425411,0.000000000000000)
            7            1  (-2.1443978268159499E-004,0.000000000000000)
            8            1  (3.3103035521555641E-004,0.000000000000000)
            9            1  (6.2918242398802605E-005,0.000000000000000)
           10            1  (-1.4636386767583165E-004,0.000000000000000)
           11            1  (4.4994427104359347E-004,0.000000000000000)
           12            1  (1.3532567020268143E-004,0.000000000000000)
            8  -0.5161103150293535     
            1            1  (-0.2455605487350241,0.000000000000000)
            1            2  (-4.6789594203238891E-004,0.000000000000000)
            1            3  (-5.8928191226717724E-005,0.000000000000000)
            1            4  (0.2096133743011597,0.000000000000000)
            2            1  (0.2461372670609253,0.000000000000000)
            2            2  (0.1716315000260567,0.000000000000000)
            2            3  (9.8574390966232840E-005,0.000000000000000)
            2            4  (-0.1001880394895464,0.000000000000000)
            3            1  (-0.2464867598099179,0.000000000000000)
            3            2  (-0.1719758589655695,0.000000000000000)
            3            3  (-8.7899382032557383E-005,0.000000000000000)
            3            4  (-0.1014151518880725,0.000000000000000)
            4            1  (0.2461156253194600,0.000000000000000)
            4            2  (-1.9382290834725057E-004,0.000000000000000)
            4            3  (7.5050034700380422E-005,0.000000000000000)
            4            4  (0.2099293411669543,0.000000000000000)
            5            1  (-0.2464811320708298,0.000000000000000)
            5            2  (0.1712656356588554,0.000000000000000)
            5            3  (-1.4666884603441790E-004,0.000000000000000)
            5            4  (-0.1003793839157070,0.000000000000000)
            6            1  (0.2460433476911659,0.000000000000000)
            6            2  (-0.1709200727841813,0.000000000000000)
            6            3  (1.1683034304997495E-004,0.000000000000000)
            6            4  (-0.1011386886115512,0.000000000000000)
            7            1  (-0.2128327734268096,0.000000000000000)
            8            1  (0.2081815642119344,0.000000000000000)
            9            1  (-0.2087182114325083,0.000000000000000)
           10            1  (-0.2084645017953754,0.000000000000000)
           11            1  (0.2083165547174318,0.000000000000000)
           12            1  (0.2131931514354156,0.000000000000000)
            9  -0.4987439456387974     
            1            1  (-1.8947620380924797E-002,0.000000000000000)
            1            2  (2.1379860728926630E-003,0.000000000000000)
            1            3  (-1.4213317690744376E-004,0.000000000000000)
            1            4  (-0.4514627119572823,0.000000000000000)
            2            1  (-3.7451984084005403E-003,0.000000000000000)
            2            2  (0.2410105867476139,0.000000000000000)
            2            3  (-8.1407705337900488E-005,0.000000000000000)
            2            4  (-2.7517881569518572E-002,0.000000000000000)
            3            1  (4.1733604529136823E-003,0.000000000000000)
            3            2  (-0.2547551969775013,0.000000000000000)
            3            3  (7.1652609241518763E-005,0.000000000000000)
            3            4  (-3.8310848775965460E-002,0.000000000000000)
            4            1  (1.9439552845642485E-002,0.000000000000000)
            4            2  (2.6579187703820689E-003,0.000000000000000)
            4            3  (1.3814342921580910E-004,0.000000000000000)
            4            4  (-0.4515591997747715,0.000000000000000)
            5            1  (3.4137209009498320E-003,0.000000000000000)
            5            2  (0.2399424267813474,0.000000000000000)
            5            3  (-2.5025141452761605E-005,0.000000000000000)
            5            4  (-2.7446459069514408E-002,0.000000000000000)
            6            1  (-4.3654115422240335E-003,0.000000000000000)
            6            2  (-0.2538915873252524,0.000000000000000)
            6            3  (-1.3483656881540804E-005,0.000000000000000)
            6            4  (-3.8449162161366533E-002,0.000000000000000)
            7            1  (0.2018196222063937,0.000000000000000)
            8            1  (0.1021531770516866,0.000000000000000)
            9            1  (-0.1100205110633068,0.000000000000000)
           10            1  (-0.1019718375850545,0.000000000000000)
           11            1  (0.1097323765942392,0.000000000000000)
           12            1  (-0.2015173211038910,0.000000000000000)
           10  -0.4981641187711780     
            1            1  (3.7255570332112389E-004,0.000000000000000)
            1            2  (0.1101141804874813,0.000000000000000)
            1            3  (4.5468729258365913E-005,0.000000000000000)
            1            4  (9.9860150228661803E-003,0.000000000000000)
            2            1  (1.4314730388076959E-002,0.000000000000000)
            2            2  (-0.3200844609161515,0.000000000000000)
            2            3  (1.7576732858561950E-004,0.000000000000000)
            2            4  (0.2447378946859971,0.000000000000000)
            3            1  (1.4853091373885907E-002,0.000000000000000)
            3            2  (-0.3081903198474903,0.000000000000000)
            3            3  (1.7323127570775056E-004,0.000000000000000)
            3            4  (-0.2434252939409792,0.000000000000000)
            4            1  (-8.4741215241674521E-004,0.000000000000000)
            4            2  (0.1097747304524850,0.000000000000000)
            4            3  (5.2235975367128587E-005,0.000000000000000)
            4            4  (9.7335548502256852E-003,0.000000000000000)
            5            1  (-1.4331269792721658E-002,0.000000000000000)
            5            2  (-0.3194459069520647,0.000000000000000)
            5            3  (-2.8945446227726379E-006,0.000000000000000)
            5            4  (0.2453311795821799,0.000000000000000)
            6            1  (-1.3975531852719771E-002,0.000000000000000)
            6            2  (-0.3090815766660759,0.000000000000000)
            6            3  (-1.4516374186445500E-005,0.000000000000000)
            6            4  (-0.2435338175192335,0.000000000000000)
            7            1  (-4.4859496540344459E-003,0.000000000000000)
            8            1  (-0.1803845885884758,0.000000000000000)
            9            1  (-0.1749284890571983,0.000000000000000)
           10            1  (0.1800443966888272,0.000000000000000)
           11            1  (0.1756166488689390,0.000000000000000)
           12            1  (4.1386314562463344E-003,0.000000000000000)
           11  -0.4367193505053072     
            1            1  (6.6772146037194904E-002,0.000000000000000)
            1            2  (4.1497314874181190E-004,0.000000000000000)
            1            3  (4.8509835241210140E-004,0.000000000000000)
            1            4  (-0.3649963927826027,0.000000000000000)
            2            1  (-3.4014495243490005E-002,0.000000000000000)
            2            2  (-4.0456340231673641E-003,0.000000000000000)
            2            3  (6.3466475986010448E-004,0.000000000000000)
            2            4  (0.3606827229748827,0.000000000000000)
            3            1  (-3.3439021412791287E-002,0.000000000000000)
            3            2  (-3.1468616987086156E-003,0.000000000000000)
            3            3  (6.2389898858218997E-004,0.000000000000000)
            3            4  (-0.3608617927294836,0.000000000000000)
            4            1  (6.6736107830478841E-002,0.000000000000000)
            4            2  (-2.4645509346148434E-004,0.000000000000000)
            4            3  (4.6048131953659233E-004,0.000000000000000)
            4            4  (0.3649651583528018,0.000000000000000)
            5            1  (-3.3558307761725081E-002,0.000000000000000)
            5            2  (3.3599398578945884E-003,0.000000000000000)
            5            3  (6.2795288342468245E-004,0.000000000000000)
            5            4  (-0.3606100690393167,0.000000000000000)
            6            1  (-3.4094570992489470E-002,0.000000000000000)
            6            2  (3.0080034376044206E-003,0.000000000000000)
            6            3  (6.3063081228141441E-004,0.000000000000000)
            6            4  (0.3604404943388023,0.000000000000000)
            7            1  (0.3122561102069311,0.000000000000000)
            8            1  (-0.1564830357213298,0.000000000000000)
            9            1  (-0.1557325582647057,0.000000000000000)
           10            1  (-0.1559766212632547,0.000000000000000)
           11            1  (-0.1559029346306194,0.000000000000000)
           12            1  (0.3120667330631861,0.000000000000000)
           12  -0.4363061125873357     
            1            1  (2.3888965900457416E-004,0.000000000000000)
            1            2  (-0.3577193413017173,0.000000000000000)
            1            3  (2.1583961537678420E-004,0.000000000000000)
            1            4  (8.1045734875962729E-005,0.000000000000000)
            2            1  (5.7873267663297534E-002,0.000000000000000)
            2            2  (0.3634834447703992,0.000000000000000)
            2            3  (2.1405666115779180E-004,0.000000000000000)
            2            4  (-2.2859099999979950E-003,0.000000000000000)
            3            1  (-5.7944750991684897E-002,0.000000000000000)
            3            2  (-0.3642890170890660,0.000000000000000)
            3            3  (3.8212146480936853E-004,0.000000000000000)
            3            4  (-2.8150465481666170E-003,0.000000000000000)
            4            1  (-2.7873441058172865E-004,0.000000000000000)
            4            2  (0.3586289587128612,0.000000000000000)
            4            3  (4.2608385208863989E-004,0.000000000000000)
            4            4  (7.4687990153995878E-004,0.000000000000000)
            5            1  (5.8420835463476178E-002,0.000000000000000)
            5            2  (-0.3648076874933675,0.000000000000000)
            5            3  (4.1816587871569891E-004,0.000000000000000)
            5            4  (2.4538217796637551E-003,0.000000000000000)
            6            1  (-5.8254389985595859E-002,0.000000000000000)
            6            2  (0.3638868703168122,0.000000000000000)
            6            3  (2.6063236374064856E-004,0.000000000000000)
            6            4  (3.2721458601106482E-003,0.000000000000000)
            7            1  (2.3619183056801924E-004,0.000000000000000)
            8            1  (0.2699084279450899,0.000000000000000)
            9            1  (-0.2705447448877601,0.000000000000000)
           10            1  (0.2707170641461651,0.000000000000000)
           11            1  (-0.2704837291567312,0.000000000000000)
           12            1  (2.4572574606607065E-004,0.000000000000000)
           13  -0.4329523499907781     
            1            1  (-1.8143029332447723E-004,0.000000000000000)
            1            2  (3.1172863688452043E-004,0.000000000000000)
            1            3  (0.2967340054159913,0.000000000000000)
            1            4  (7.1190974327594539E-004,0.000000000000000)
            2            1  (-1.4086993634347970E-004,0.000000000000000)
            2            2  (-2.8560793918894358E-004,0.000000000000000)
            2            3  (0.2959356090659407,0.000000000000000)
            2            4  (-7.2205510519595848E-004,0.000000000000000)
            3            1  (-2.5083503781626864E-006,0.000000000000000)
            3            2  (4.6738777328960508E-004,0.000000000000000)
            3            3  (0.2958862871608106,0.000000000000000)
            3            4  (7.3752845785238122E-004,0.000000000000000)
            4            1  (-1.9940093869169387E-004,0.000000000000000)
            4            2  (-4.7284230071729217E-004,0.000000000000000)
            4            3  (0.2966733999057943,0.000000000000000)
            4            4  (-7.5035990408397731E-004,0.000000000000000)
            5            1  (-9.2131153882523764E-005,0.000000000000000)
            5            2  (4.7679149910505276E-004,0.000000000000000)
            5            3  (0.2960132769837495,0.000000000000000)
            5            4  (7.1063160230711193E-004,0.000000000000000)
            6            1  (5.0455709077164922E-005,0.000000000000000)
            6            2  (-3.3672470593244672E-004,0.000000000000000)
            6            3  (0.2961055902643905,0.000000000000000)
            6            4  (-6.8831885721226367E-004,0.000000000000000)
            7            1  (-5.0355707821633712E-004,0.000000000000000)
            8            1  (1.5793152473718799E-004,0.000000000000000)
            9            1  (7.2700388840678677E-004,0.000000000000000)
           10            1  (-5.9119231902396448E-006,0.000000000000000)
           11            1  (6.0945835250978710E-004,0.000000000000000)
           12            1  (-5.2008449752382257E-004,0.000000000000000)
           14  -0.3458750547824670     
            1            1  (-2.5719067533052606E-004,0.000000000000000)
            1            2  (-6.8104386011461860E-005,0.000000000000000)
            1            3  (0.5267462926631992,0.000000000000000)
            1            4  (-1.8147489262783273E-005,0.000000000000000)
            2            1  (-1.6983493631182530E-004,0.000000000000000)
            2            2  (5.8072636187523291E-005,0.000000000000000)
            2            3  (0.2587971699618780,0.000000000000000)
            2            4  (-2.8840824070209696E-005,0.000000000000000)
            3            1  (1.6870862490461869E-004,0.000000000000000)
            3            2  (-6.8520767826233178E-005,0.000000000000000)
            3            3  (-0.2669698657181256,0.000000000000000)
            3            4  (-1.8452745886687320E-005,0.000000000000000)
            4            1  (2.8720414793450660E-004,0.000000000000000)
            4            2  (9.7607955324708896E-005,0.000000000000000)
            4            3  (-0.5266724155152148,0.000000000000000)
            4            4  (-3.2018561813232896E-005,0.000000000000000)
            5            1  (1.3499819636289992E-004,0.000000000000000)
            5            2  (-8.7710344848090417E-005,0.000000000000000)
            5            3  (-0.2589485263643402,0.000000000000000)
            5            4  (-7.0279238692699350E-005,0.000000000000000)
            6            1  (-1.0802290979995699E-004,0.000000000000000)
            6            2  (6.2259990707655386E-005,0.000000000000000)
            6            3  (0.2669557825079006,0.000000000000000)
            6            4  (-7.0285685275770545E-005,0.000000000000000)
            7            1  (2.0198966777887722E-004,0.000000000000000)
            8            1  (1.5311814562608169E-004,0.000000000000000)
            9            1  (-1.5612299908614112E-004,0.000000000000000)
           10            1  (3.2334582443742927E-005,0.000000000000000)
           11            1  (-3.0749050936195081E-005,0.000000000000000)
           12            1  (-2.2542387191545592E-004,0.000000000000000)
           15  -0.3454031369139651     
            1            1  (6.4854273527318118E-005,0.000000000000000)
            1            2  (-1.5293724565566908E-004,0.000000000000000)
            1            3  (-4.8711319747334119E-003,0.000000000000000)
            1            4  (4.2002002469506643E-005,0.000000000000000)
            2            1  (2.7808442938527907E-004,0.000000000000000)
            2            2  (-4.4365907271882954E-005,0.000000000000000)
            2            3  (-0.4584868484585125,0.000000000000000)
            2            4  (-7.8914106200991083E-006,0.000000000000000)
            3            1  (2.5396999981855921E-004,0.000000000000000)
            3            2  (-1.2612482146908484E-005,0.000000000000000)
            3            3  (-0.4536218660238498,0.000000000000000)
            3            4  (-2.3424463993784195E-005,0.000000000000000)
            4            1  (7.4332491109886393E-005,0.000000000000000)
            4            2  (-1.7629827097989735E-004,0.000000000000000)
            4            3  (4.4800173510282188E-003,0.000000000000000)
            4            4  (-4.2941886629320975E-005,0.000000000000000)
            5            1  (-3.1998356185881824E-004,0.000000000000000)
            5            2  (-5.7179485133212231E-005,0.000000000000000)
            5            3  (0.4583705916956979,0.000000000000000)
            5            4  (2.3085853031495521E-005,0.000000000000000)
            6            1  (-2.5797869142787737E-004,0.000000000000000)
            6            2  (-1.1551996403312259E-004,0.000000000000000)
            6            3  (0.4538964187018378,0.000000000000000)
            6            4  (2.3192060810106619E-005,0.000000000000000)
            7            1  (-6.1946630134788613E-006,0.000000000000000)
            8            1  (-1.6915318754578273E-004,0.000000000000000)
            9            1  (-1.3816540152432214E-004,0.000000000000000)
           10            1  (5.6907642322613530E-005,0.000000000000000)
           11            1  (9.7645715716300236E-005,0.000000000000000)
           12            1  (-9.3695083508469921E-006,0.000000000000000)
           16  -0.1496002683764492     
            1            1  (6.6843725169211498E-004,0.000000000000000)
            1            2  (-1.5193547408379456E-004,0.000000000000000)
            1            3  (-0.7313454740714267,0.000000000000000)
            1            4  (4.7431829561720614E-005,0.000000000000000)
            2            1  (-2.8029023303936655E-004,0.000000000000000)
            2            2  (-2.4829847446467193E-005,0.000000000000000)
            2            3  (0.3760791931077677,0.000000000000000)
            2            4  (2.5486290028546497E-005,0.000000000000000)
            3            1  (-2.4199470950473631E-004,0.000000000000000)
            3            2  (-3.2047253092386709E-005,0.000000000000000)
            3            3  (0.3557055814039309,0.000000000000000)
            3            4  (-2.6157461721692088E-006,0.000000000000000)
            4            1  (7.1807196833534206E-004,0.000000000000000)
            4            2  (-1.4058503241190219E-004,0.000000000000000)
            4            3  (-0.7308262591797826,0.000000000000000)
            4            4  (-3.4030223381601856E-005,0.000000000000000)
            5            1  (-3.8320401017386669E-004,0.000000000000000)
            5            2  (-1.7934763893963032E-004,0.000000000000000)
            5            3  (0.3751752328668012,0.000000000000000)
            5            4  (-5.6055707974215363E-005,0.000000000000000)
            6            1  (-2.8823239435362108E-004,0.000000000000000)
            6            2  (-2.0645215011496658E-004,0.000000000000000)
            6            3  (0.3561285555853523,0.000000000000000)
            6            4  (1.1407485925689511E-004,0.000000000000000)
            7            1  (-2.9796938658842965E-004,0.000000000000000)
            8            1  (2.2037704742780263E-004,0.000000000000000)
            9            1  (1.8480000704409983E-004,0.000000000000000)
           10            1  (-1.3042789208388570E-005,0.000000000000000)
           11            1  (-2.9036728391577320E-005,0.000000000000000)
           12            1  (-3.4738471316006822E-004,0.000000000000000)
           17  -0.1493981432168977     
            1            1  (1.4346279432929867E-004,0.000000000000000)
            1            2  (-2.0257558471888890E-004,0.000000000000000)
            1            3  (-1.1720829926511325E-002,0.000000000000000)
            1            4  (6.2619622334134372E-005,0.000000000000000)
            2            1  (4.5738922113942751E-004,0.000000000000000)
            2            2  (5.1464056320040503E-005,0.000000000000000)
            2            3  (-0.6271113723125452,0.000000000000000)
            2            4  (-4.3655694667507200E-005,0.000000000000000)
            3            1  (-3.8123386629563774E-004,0.000000000000000)
            3            2  (-7.2933204536345327E-005,0.000000000000000)
            3            3  (0.6386454146096464,0.000000000000000)
            3            4  (-4.6864280823354248E-006,0.000000000000000)
            4            1  (-1.3500824663508236E-004,0.000000000000000)
            4            2  (1.6317817303393835E-004,0.000000000000000)
            4            3  (-1.1068883020688343E-002,0.000000000000000)
            4            4  (9.1657684912925820E-005,0.000000000000000)
            5            1  (4.5226697441268357E-004,0.000000000000000)
            5            2  (1.0339726920893058E-004,0.000000000000000)
            5            3  (-0.6278793617968804,0.000000000000000)
            5            4  (1.3618935629530160E-005,0.000000000000000)
            6            1  (-4.0973543930151264E-004,0.000000000000000)
            6            2  (-1.4541592130172545E-004,0.000000000000000)
            6            3  (0.6391091575831834,0.000000000000000)
            6            4  (4.4184494499202636E-005,0.000000000000000)
            7            1  (-2.3290393049655894E-005,0.000000000000000)
            8            1  (-2.3100933593851917E-004,0.000000000000000)
            9            1  (2.0331691140856276E-004,0.000000000000000)
           10            1  (-5.5093020203672200E-005,0.000000000000000)
           11            1  (1.6238587689311050E-005,0.000000000000000)
           12            1  (-6.2013901762153077E-006,0.000000000000000)
           18  -1.3650824997297961E-003
            1            1  (8.1781520411001584E-004,0.000000000000000)
            1            2  (-1.9874714113863543E-004,0.000000000000000)
            1            3  (-0.6083490814582755,0.000000000000000)
            1            4  (7.7276814782760911E-005,0.000000000000000)
            2            1  (-5.5000479227757209E-004,0.000000000000000)
            2            2  (-8.2169959117468991E-005,0.000000000000000)
            2            3  (0.6090946683317574,0.000000000000000)
            2            4  (1.5537494599860156E-004,0.000000000000000)
            3            1  (3.6722951646956964E-004,0.000000000000000)
            3            2  (2.4100284942727741E-005,0.000000000000000)
            3            3  (-0.6095468812843275,0.000000000000000)
            3            4  (7.9581735894016835E-005,0.000000000000000)
            4            1  (-9.0558419373138800E-004,0.000000000000000)
            4            2  (1.9333614809195743E-004,0.000000000000000)
            4            3  (0.6091747362610176,0.000000000000000)
            4            4  (-4.1598864670603574E-005,0.000000000000000)
            5            1  (6.1551406096715814E-004,0.000000000000000)
            5            2  (2.9788022658520328E-004,0.000000000000000)
            5            3  (-0.6088151756005115,0.000000000000000)
            5            4  (9.0435662395080881E-005,0.000000000000000)
            6            1  (-6.5800384358996925E-004,0.000000000000000)
            6            2  (-3.1807094394259043E-004,0.000000000000000)
            6            3  (0.6083857906769720,0.000000000000000)
            6            4  (1.2616039440976158E-004,0.000000000000000)
            7            1  (-2.7031425993549925E-004,0.000000000000000)
            8            1  (4.3325176299360883E-004,0.000000000000000)
            9            1  (-2.4395145916764334E-004,0.000000000000000)
           10            1  (-5.9893080616996298E-005,0.000000000000000)
           11            1  (1.0852767612885417E-004,0.000000000000000)
           12            1  (4.4610072573995267E-004,0.000000000000000)
           19   4.1414606481934103E-002
            1            1  (0.4440317926563497,0.000000000000000)
            1            2  (7.1060544153779223E-004,0.000000000000000)
            1            3  (6.4216254569756063E-006,0.000000000000000)
            1            4  (-0.3104176421588374,0.000000000000000)
            2            1  (0.4442141446355823,0.000000000000000)
            2            2  (0.2730945803788117,0.000000000000000)
            2            3  (1.1799327517472130E-004,0.000000000000000)
            2            4  (-0.1561563564388312,0.000000000000000)
            3            1  (0.4446934545367074,0.000000000000000)
            3            2  (0.2734598956698939,0.000000000000000)
            3            3  (-6.9540084735967092E-005,0.000000000000000)
            3            4  (0.1569624598994193,0.000000000000000)
            4            1  (0.4453181800606990,0.000000000000000)
            4            2  (6.9301090096439346E-004,0.000000000000000)
            4            3  (1.7409110404514909E-004,0.000000000000000)
            4            4  (0.3123777038175262,0.000000000000000)
            5            1  (0.4448675245079441,0.000000000000000)
            5            2  (-0.2720821740012485,0.000000000000000)
            5            3  (-5.0898294945536337E-005,0.000000000000000)
            5            4  (0.1566218706556931,0.000000000000000)
            6            1  (0.4437384176583267,0.000000000000000)
            6            2  (-0.2714508947256770,0.000000000000000)
            6            3  (1.4131568293073211E-005,0.000000000000000)
            6            4  (-0.1561416149770117,0.000000000000000)
            7            1  (-0.5937908288562282,0.000000000000000)
            8            1  (-0.5981805261847454,0.000000000000000)
            9            1  (-0.5990961332965847,0.000000000000000)
           10            1  (-0.5974937156616948,0.000000000000000)
           11            1  (-0.5962829076856760,0.000000000000000)
           12            1  (-0.5962394510871206,0.000000000000000)
           20   0.1053576601275116     
            1            1  (5.2657120392061588E-003,0.000000000000000)
            1            2  (0.2832974843844606,0.000000000000000)
            1            3  (-1.4031109067472229E-004,0.000000000000000)
            1            4  (-8.1820517775180266E-003,0.000000000000000)
            2            1  (0.2689562665535367,0.000000000000000)
            2            2  (0.5494887443722724,0.000000000000000)
            2            3  (1.3141513254439255E-004,0.000000000000000)
            2            4  (-0.1568726539938519,0.000000000000000)
            3            1  (0.2678784552896000,0.000000000000000)
            3            2  (0.5452822275780607,0.000000000000000)
            3            3  (7.6753761620203579E-005,0.000000000000000)
            3            4  (0.1462556377545713,0.000000000000000)
            4            1  (-3.5955758487586338E-003,0.000000000000000)
            4            2  (0.2817820406076978,0.000000000000000)
            4            3  (-7.9480904427323159E-005,0.000000000000000)
            4            4  (-9.6486565732054972E-003,0.000000000000000)
            5            1  (-0.2755985602285860,0.000000000000000)
            5            2  (0.5500992936080624,0.000000000000000)
            5            3  (-5.7689036354582581E-006,0.000000000000000)
            5            4  (-0.1575677317194691,0.000000000000000)
            6            1  (-0.2665238076286411,0.000000000000000)
            6            2  (0.5448031315072982,0.000000000000000)
            6            3  (1.0773504866451056E-004,0.000000000000000)
            6            4  (0.1477468778204518,0.000000000000000)
            7            1  (-1.1599075975641240E-002,0.000000000000000)
            8            1  (-0.7499869538732491,0.000000000000000)
            9            1  (-0.7392240950772166,0.000000000000000)
           10            1  (0.7536721310879716,0.000000000000000)
           11            1  (0.7391508412664191,0.000000000000000)
           12            1  (1.2465219374431860E-002,0.000000000000000)
           21   0.1062940317321075     
            1            1  (-0.3048915033121971,0.000000000000000)
            1            2  (3.0378897691212968E-003,0.000000000000000)
            1            3  (-7.5894377404403887E-005,0.000000000000000)
            1            4  (0.6315409240051016,0.000000000000000)
            2            1  (-0.1565299978782909,0.000000000000000)
            2            2  (-0.1479085185577275,0.000000000000000)
            2            3  (-4.9435008553328642E-005,0.000000000000000)
            2            4  (0.3732332867141550,0.000000000000000)
            3            1  (0.1618193840494563,0.000000000000000)
            3            2  (0.1620768233399904,0.000000000000000)
            3            3  (9.8821396230081265E-006,0.000000000000000)
            3            4  (0.3764316262596333,0.000000000000000)
            4            1  (0.3057914817993251,0.000000000000000)
            4            2  (4.7477402128371822E-003,0.000000000000000)
            4            3  (1.1929722130866635E-004,0.000000000000000)
            4            4  (0.6320038627909008,0.000000000000000)
            5            1  (0.1554307835497109,0.000000000000000)
            5            2  (-0.1458048521776135,0.000000000000000)
            5            3  (-4.3894211989244942E-005,0.000000000000000)
            5            4  (0.3725168273219877,0.000000000000000)
            6            1  (-0.1657824023184039,0.000000000000000)
            6            2  (0.1626404554130505,0.000000000000000)
            6            3  (1.7979050240204268E-005,0.000000000000000)
            6            4  (0.3780588224693521,0.000000000000000)
            7            1  (0.8550930173323048,0.000000000000000)
            8            1  (0.4272341231100540,0.000000000000000)
            9            1  (-0.4455325841782207,0.000000000000000)
           10            1  (-0.4246945512581183,0.000000000000000)
           11            1  (0.4487696034976114,0.000000000000000)
           12            1  (-0.8556001699479591,0.000000000000000)
           22   0.1759100438497762     
            1            1  (6.1416744200972803E-002,0.000000000000000)
            1            2  (0.3906990927672917,0.000000000000000)
            1            3  (2.2439890634157668E-005,0.000000000000000)
            1            4  (-9.5732080507419538E-003,0.000000000000000)
            2            1  (-0.9900758488928718,0.000000000000000)
            2            2  (-0.2178877897280468,0.000000000000000)
            2            3  (-2.4752247210070111E-004,0.000000000000000)
            2            4  (-7.6691496756115168E-002,0.000000000000000)
            3            1  (0.9202127315083171,0.000000000000000)
            3            2  (0.2268937962364364,0.000000000000000)
            3            3  (1.8350490205127655E-004,0.000000000000000)
            3            4  (-0.1187587516904131,0.000000000000000)
            4            1  (7.3628569623594195E-002,0.000000000000000)
            4            2  (-0.3897644032779892,0.000000000000000)
            4            3  (5.4592258233615354E-005,0.000000000000000)
            4            4  (1.2396320640153353E-002,0.000000000000000)
            5            1  (-0.9997252330909244,0.000000000000000)
            5            2  (0.2175927399406532,0.000000000000000)
            5            3  (-2.4077585608389053E-004,0.000000000000000)
            5            4  (7.7781046210433274E-002,0.000000000000000)
            6            1  (0.9355470403202453,0.000000000000000)
            6            2  (-0.2309458747448764,0.000000000000000)
            6            3  (1.3536830971046536E-004,0.000000000000000)
            6            4  (0.1173225769650998,0.000000000000000)
            7            1  (-3.5818682445271859E-002,0.000000000000000)
            8            1  (0.5873473437971680,0.000000000000000)
            9            1  (-0.5433466455822310,0.000000000000000)
           10            1  (0.5922946047013191,0.000000000000000)
           11            1  (-0.5558449113104680,0.000000000000000)
           12            1  (-4.5901492196366626E-002,0.000000000000000)
           23   0.1761550127886589     
            1            1  (-1.139684680422325,0.000000000000000)
            1            2  (2.3722393349459074E-002,0.000000000000000)
            1            3  (-3.4463580049588972E-004,0.000000000000000)
            1            4  (0.1787170446790426,0.000000000000000)
            2            1  (0.5250722235457608,0.000000000000000)
            2            2  (-0.1025728860608795,0.000000000000000)
            2            3  (1.8864745149175868E-004,0.000000000000000)
            2            4  (-0.3428616815181965,0.000000000000000)
            3            1  (0.5820942755625574,0.000000000000000)
            3            2  (-8.5938945006943435E-002,0.000000000000000)
            3            3  (1.3005877142199910E-004,0.000000000000000)
            3            4  (0.3264711341419551,0.000000000000000)
            4            1  (-1.078793188003858,0.000000000000000)
            4            2  (-2.3400753991537009E-002,0.000000000000000)
            4            3  (-3.5970896683734297E-004,0.000000000000000)
            4            4  (-0.1633908728703614,0.000000000000000)
            5            1  (0.4651164131470596,0.000000000000000)
            5            2  (0.1143464429289069,0.000000000000000)
            5            3  (1.7062388263847431E-004,0.000000000000000)
            5            4  (0.3375524642938210,0.000000000000000)
            6            1  (0.6407330061034345,0.000000000000000)
            6            2  (7.5947528944392315E-002,0.000000000000000)
            6            3  (1.7804108252438973E-004,0.000000000000000)
            6            4  (-0.3308806179694082,0.000000000000000)
            7            1  (0.6868683431141196,0.000000000000000)
            8            1  (-0.3177540134981349,0.000000000000000)
            9            1  (-0.3418088441702719,0.000000000000000)
           10            1  (-0.2711073400664576,0.000000000000000)
           11            1  (-0.3860142528279798,0.000000000000000)
           12            1  (0.6365449776361508,0.000000000000000)
           24   0.1790215743893636     
            1            1  (-0.7015827637855170,0.000000000000000)
            1            2  (-3.6630234764404579E-003,0.000000000000000)
            1            3  (-3.5220747873292748E-004,0.000000000000000)
            1            4  (0.1635000584494342,0.000000000000000)
            2            1  (0.7311951418229052,0.000000000000000)
            2            2  (0.1494644511086524,0.000000000000000)
            2            3  (3.9471760013159795E-004,0.000000000000000)
            2            4  (-6.3172012753447707E-002,0.000000000000000)
            3            1  (-0.7741646824744307,0.000000000000000)
            3            2  (-0.1441930706980356,0.000000000000000)
            3            3  (-3.8240390296529137E-004,0.000000000000000)
            3            4  (-8.9889161336465684E-002,0.000000000000000)
            4            1  (0.7876499945956065,0.000000000000000)
            4            2  (3.3909476412693450E-003,0.000000000000000)
            4            3  (4.4168521646287940E-004,0.000000000000000)
            4            4  (0.1805500592029151,0.000000000000000)
            5            1  (-0.7545813106653744,0.000000000000000)
            5            2  (0.1378944406504990,0.000000000000000)
            5            3  (-3.8603466148792585E-004,0.000000000000000)
            5            4  (-9.1782233394519505E-002,0.000000000000000)
            6            1  (0.7117272248108613,0.000000000000000)
            6            2  (-0.1439603819830344,0.000000000000000)
            6            3  (3.0408171009233003E-004,0.000000000000000)
            6            4  (-6.4927055352387186E-002,0.000000000000000)
            7            1  (0.5705533274326173,0.000000000000000)
            8            1  (-0.5784326820576017,0.000000000000000)
            9            1  (0.6061543267958490,0.000000000000000)
           10            1  (0.5930912831178580,0.000000000000000)
           11            1  (-0.5661632852350748,0.000000000000000)
           12            1  (-0.6254871370320844,0.000000000000000)
           25   0.2879645674641118     
            1            1  (1.5461673927287225E-002,0.000000000000000)
            1            2  (0.3380881702945286,0.000000000000000)
            1            3  (-1.1608322430495027E-004,0.000000000000000)
            1            4  (1.7135033658792456E-002,0.000000000000000)
            2            1  (-0.4590050531257135,0.000000000000000)
            2            2  (0.6267708103220104,0.000000000000000)
            2            3  (7.4725372132296793E-005,0.000000000000000)
            2            4  (-0.5433919428678076,0.000000000000000)
            3            1  (0.4460015033663607,0.000000000000000)
            3            2  (-0.6062154938056994,0.000000000000000)
            3            3  (-7.8534192758595588E-005,0.000000000000000)
            3            4  (-0.5465840897042686,0.000000000000000)
            4            1  (2.3063522373468403E-003,0.000000000000000)
            4            2  (-0.3332939799168450,0.000000000000000)
            4            3  (9.9866812295561945E-005,0.000000000000000)
            4            4  (-1.6129559127015500E-002,0.000000000000000)
            5            1  (-0.4584046417129549,0.000000000000000)
            5            2  (-0.6194394901864855,0.000000000000000)
            5            3  (-2.1172813580578928E-004,0.000000000000000)
            5            4  (0.5552974412758391,0.000000000000000)
            6            1  (0.4533803858389364,0.000000000000000)
            6            2  (0.6011243927593027,0.000000000000000)
            6            3  (1.7434398268967058E-004,0.000000000000000)
            6            4  (0.5532147548518098,0.000000000000000)
            7            1  (1.0490503086634958E-002,0.000000000000000)
            8            1  (-0.5605819422504043,0.000000000000000)
            9            1  (0.5504155727147684,0.000000000000000)
           10            1  (-0.5612114766159568,0.000000000000000)
           11            1  (0.5482729765081999,0.000000000000000)
           12            1  (1.2857232181982307E-002,0.000000000000000)
           26   0.2897006793193854     
            1            1  (0.5246714013099624,0.000000000000000)
            1            2  (-6.1988000328558335E-003,0.000000000000000)
            1            3  (9.5655279185108318E-005,0.000000000000000)
            1            4  (0.9328236719994085,0.000000000000000)
            2            1  (-0.2580661484178646,0.000000000000000)
            2            2  (0.5367339888240571,0.000000000000000)
            2            3  (-4.9478295182364489E-005,0.000000000000000)
            2            4  (3.1378308796426217E-002,0.000000000000000)
            3            1  (-0.2749872372541048,0.000000000000000)
            3            2  (0.5604821627077803,0.000000000000000)
            3            3  (1.8804282071782783E-005,0.000000000000000)
            3            4  (-1.3835227502953722E-002,0.000000000000000)
            4            1  (0.5320965660358384,0.000000000000000)
            4            2  (5.0796629027685791E-003,0.000000000000000)
            4            3  (6.8076384095675042E-005,0.000000000000000)
            4            4  (-0.9318612333530977,0.000000000000000)
            5            1  (-0.2602325392957329,0.000000000000000)
            5            2  (-0.5393324713854627,0.000000000000000)
            5            3  (-4.2672189330663703E-005,0.000000000000000)
            5            4  (-3.3881602619764972E-002,0.000000000000000)
            6            1  (-0.2733543516109114,0.000000000000000)
            6            2  (-0.5594211693111777,0.000000000000000)
            6            3  (-9.8376348770440013E-005,0.000000000000000)
            6            4  (1.1994949645413153E-002,0.000000000000000)
            7            1  (0.6424283491411676,0.000000000000000)
            8            1  (-0.3078377287805731,0.000000000000000)
            9            1  (-0.3267856328580416,0.000000000000000)
           10            1  (-0.3068615752343669,0.000000000000000)
           11            1  (-0.3288071116453644,0.000000000000000)
           12            1  (0.6387085278411364,0.000000000000000)
           27   0.3164810491300727     
            1            1  (-0.8841288316959488,0.000000000000000)
            1            2  (-2.2000629198884302E-002,0.000000000000000)
            1            3  (-2.1146760872110069E-004,0.000000000000000)
            1            4  (3.9491432167573448E-002,0.000000000000000)
            2            1  (-0.4241082081307987,0.000000000000000)
            2            2  (-0.4449974016918297,0.000000000000000)
            2            3  (4.5563932425890219E-005,0.000000000000000)
            2            4  (-0.7482841898377530,0.000000000000000)
            3            1  (0.4622466824658478,0.000000000000000)
            3            2  (0.4325179929536073,0.000000000000000)
            3            3  (-2.8417235531466654E-005,0.000000000000000)
            3            4  (-0.7260983864806360,0.000000000000000)
            4            1  (0.8820569056524507,0.000000000000000)
            4            2  (-2.6602564184090502E-002,0.000000000000000)
            4            3  (2.2485750144436923E-004,0.000000000000000)
            4            4  (4.2619024189678757E-002,0.000000000000000)
            5            1  (0.4180527716480480,0.000000000000000)
            5            2  (-0.4507020213578873,0.000000000000000)
            5            3  (-9.9543884095568190E-005,0.000000000000000)
            5            4  (-0.7409965146819887,0.000000000000000)
            6            1  (-0.4555167732470389,0.000000000000000)
            6            2  (0.4426057713935037,0.000000000000000)
            6            3  (1.8164049693040720E-004,0.000000000000000)
            6            4  (-0.7189939487420179,0.000000000000000)
            7            1  (0.2099966706386741,0.000000000000000)
            8            1  (9.4297011358152730E-002,0.000000000000000)
            9            1  (-0.1015761811015519,0.000000000000000)
           10            1  (-9.9060996588567748E-002,0.000000000000000)
           11            1  (0.1104562336033393,0.000000000000000)
           12            1  (-0.2119048343993170,0.000000000000000)
           28   0.3170400429301840     
            1            1  (2.1729296045480014E-002,0.000000000000000)
            1            2  (-0.9892686006129447,0.000000000000000)
            1            3  (8.4780063516148949E-005,0.000000000000000)
            1            4  (-1.8387109015418359E-003,0.000000000000000)
            2            1  (0.7716617508438653,0.000000000000000)
            2            2  (-0.2077011365515376,0.000000000000000)
            2            3  (9.5600450788759449E-005,0.000000000000000)
            2            4  (-0.4285477355130941,0.000000000000000)
            3            1  (0.7543318299496236,0.000000000000000)
            3            2  (-0.2315746418351825,0.000000000000000)
            3            3  (5.1167414030832751E-008,0.000000000000000)
            3            4  (0.4612622754494412,0.000000000000000)
            4            1  (-2.1988227330480781E-002,0.000000000000000)
            4            2  (-0.9909712640797773,0.000000000000000)
            4            3  (6.0110543590166761E-005,0.000000000000000)
            4            4  (-6.7696786736426721E-004,0.000000000000000)
            5            1  (-0.7754599865313377,0.000000000000000)
            5            2  (-0.2096316270567528,0.000000000000000)
            5            3  (-1.2694148124386604E-004,0.000000000000000)
            5            4  (-0.4249507442384716,0.000000000000000)
            6            1  (-0.7493644958500214,0.000000000000000)
            6            2  (-0.2292770680748078,0.000000000000000)
            6            3  (-1.2897710431496274E-004,0.000000000000000)
            6            4  (0.4646099747521798,0.000000000000000)
            7            1  (-5.9497180501398902E-003,0.000000000000000)
            8            1  (-0.1803885033283943,0.000000000000000)
            9            1  (-0.1741880870683661,0.000000000000000)
           10            1  (0.1790850283624190,0.000000000000000)
           11            1  (0.1754469206890164,0.000000000000000)
           12            1  (4.8544538008085140E-003,0.000000000000000)
           29   0.4680608447045422     
            1            1  (2.5397060487820596E-003,0.000000000000000)
            1            2  (0.8933358456186652,0.000000000000000)
            1            3  (-1.0837272634771240E-004,0.000000000000000)
            1            4  (3.2624497519770741E-003,0.000000000000000)
            2            1  (-3.8005039591959711E-003,0.000000000000000)
            2            2  (0.4487203157431095,0.000000000000000)
            2            3  (1.6268206127729330E-005,0.000000000000000)
            2            4  (0.7715381937288036,0.000000000000000)
            3            1  (4.9190483797561073E-003,0.000000000000000)
            3            2  (-0.4493378967429072,0.000000000000000)
            3            3  (-4.5702538469718918E-005,0.000000000000000)
            3            4  (0.7718492844088981,0.000000000000000)
            4            1  (-2.9723813805296513E-003,0.000000000000000)
            4            2  (-0.8944348165331690,0.000000000000000)
            4            3  (5.5455671995322998E-005,0.000000000000000)
            4            4  (3.3727159358574546E-003,0.000000000000000)
            5            1  (7.1597707485559700E-004,0.000000000000000)
            5            2  (-0.4441993564113192,0.000000000000000)
            5            3  (-9.5731288913788437E-005,0.000000000000000)
            5            4  (-0.7740124826216718,0.000000000000000)
            6            1  (-1.6887948431186534E-003,0.000000000000000)
            6            2  (0.4443827697035602,0.000000000000000)
            6            3  (1.7844086483817412E-004,0.000000000000000)
            6            4  (-0.7735793485311858,0.000000000000000)
            7            1  (1.5297338610615243E-003,0.000000000000000)
            8            1  (-1.5308733899631821E-003,0.000000000000000)
            9            1  (1.2396295981586972E-003,0.000000000000000)
           10            1  (5.7792635237736804E-004,0.000000000000000)
           11            1  (2.1541839925229777E-004,0.000000000000000)
           12            1  (-1.5823163568592748E-003,0.000000000000000)
           30   0.5281822523010976     
            1            1  (-0.6520447551757568,0.000000000000000)
            1            2  (3.4875677578667138E-003,0.000000000000000)
            1            3  (-1.2823516245853600E-004,0.000000000000000)
            1            4  (-0.7938378787854329,0.000000000000000)
            2            1  (0.6504166957411303,0.000000000000000)
            2            2  (-0.6832271586794094,0.000000000000000)
            2            3  (8.0936581869317173E-005,0.000000000000000)
            2            4  (0.3934378783006559,0.000000000000000)
            3            1  (-0.6505047665446948,0.000000000000000)
            3            2  (0.6827895905007059,0.000000000000000)
            3            3  (-6.3247275395407460E-005,0.000000000000000)
            3            4  (0.3935636862743109,0.000000000000000)
            4            1  (0.6522225595181330,0.000000000000000)
            4            2  (-3.1335637221964435E-003,0.000000000000000)
            4            3  (1.5324915206727782E-004,0.000000000000000)
            4            4  (-0.7927415804102251,0.000000000000000)
            5            1  (-0.6499652987315317,0.000000000000000)
            5            2  (-0.6870260670624178,0.000000000000000)
            5            3  (-2.2259183453568970E-004,0.000000000000000)
            5            4  (0.3886733849577697,0.000000000000000)
            6            1  (0.6502131263833518,0.000000000000000)
            6            2  (0.6876220576893843,0.000000000000000)
            6            3  (1.9734400579751092E-004,0.000000000000000)
            6            4  (0.3884828575578899,0.000000000000000)
            7            1  (-0.3452755955503993,0.000000000000000)
            8            1  (0.3400869370855622,0.000000000000000)
            9            1  (-0.3398790449552805,0.000000000000000)
           10            1  (-0.3410662363707764,0.000000000000000)
           11            1  (0.3413539723707556,0.000000000000000)
           12            1  (0.3443960694318576,0.000000000000000)
 #Kpoint 
    0.000000000000000         0.000000000000000         0.000000000000000     
 #Kpoint 
    0.000000000000000         0.000000000000000         0.000000000000000     
 #Kpoint 
    0.000000000000000         0.000000000000000         0.000000000000000     
 #Kpoint 
    0.000000000000000         0.000000000000000         0.000000000000000     
 #Kpoint 
    0.000000000000000         0.000000000000000         0.000000000000000     
 #Kpoint 
    0.000000000000000         0.000000000000000         0.000000000000000     
 #Kpoint 
    0.000000000000000         0.000000000000000         0.000000000000000     
 #Kpoint 
    0.000000000000000         0.000000000000000         0.000000000000000     
 #Kpoint 
    0.000000000000000         0.000000000000000         0.000000000000000     
 #Kpoint 
    0.000000000000000         0.000000000000000         0.000000000000000     
 #Kpoint 
    0.000000000000000         0.000000000000000         0.000000000000000     
